create table pol_kostka as
select `year`, `month`, `day`, `hour`, liczba from (
select `year`, `month`, `day`, `hour`, count(1) as liczba from mongo.tweets2.tweets group by `year`, `month`, `day`, `hour`
union
select `year`, `month`, `day`, -1, count(1) as liczba from mongo.tweets2.tweets group by `year`, `month`, `day`
union
select `year`, `month`, -1, -1, count(1) as liczba from mongo.tweets2.tweets group by `year`, `month`
union
select `year`, -1, -1, -1, count(1) as liczba from mongo.tweets2.tweets group by `year`
union
select -1, -1, -1, -1, count(1) as liczba from mongo.tweets2.tweets)
order by case when `year` = -1 then 10000 else `year`end,
case when `month` = -1 then 10000 else `month`end,
case when `day` = -1 then 10000 else `day`end, 
case when `hour` = -1 then 10000 else `hour`end;

+-------+--------+------+-------+---------+
| year  | month  | day  | hour  | liczba  |
+-------+--------+------+-------+---------+
| 2018  | 2      | 2    | 8     | 5       |
| 2018  | 2      | 2    | 9     | 10      |
| 2018  | 2      | 2    | 10    | 6       |
| 2018  | 2      | 2    | 11    | 14      |
| 2018  | 2      | 2    | 12    | 5       |
| 2018  | 2      | 2    | 13    | 8       |
| 2018  | 2      | 2    | 14    | 12      |
| 2018  | 2      | 2    | 15    | 13      |
| 2018  | 2      | 2    | 16    | 46      |
| 2018  | 2      | 2    | 17    | 29      |
| 2018  | 2      | 2    | 18    | 26      |
| 2018  | 2      | 2    | 19    | 47      |
| 2018  | 2      | 2    | 20    | 109     |
| 2018  | 2      | 2    | 21    | 158     |
| 2018  | 2      | 2    | 22    | 228     |
| 2018  | 2      | 2    | 23    | 293     |
| 2018  | 2      | 2    | -1    | 1009    |
| 2018  | 2      | 3    | 0     | 215     |
| 2018  | 2      | 3    | 1     | 164     |
| 2018  | 2      | 3    | 2     | 109     |
| 2018  | 2      | 3    | 3     | 120     |
| 2018  | 2      | 3    | 4     | 104     |
| 2018  | 2      | 3    | 5     | 96      |
| 2018  | 2      | 3    | 6     | 99      |
| 2018  | 2      | 3    | 7     | 59      |
| 2018  | 2      | 3    | 8     | 74      |
| 2018  | 2      | 3    | 9     | 73      |
| 2018  | 2      | 3    | 10    | 68      |
| 2018  | 2      | 3    | 11    | 94      |
| 2018  | 2      | 3    | 12    | 92      |
| 2018  | 2      | 3    | 13    | 77      |
| 2018  | 2      | 3    | 14    | 96      |
| 2018  | 2      | 3    | 15    | 187     |
| 2018  | 2      | 3    | 16    | 189     |
| 2018  | 2      | 3    | 17    | 147     |
| 2018  | 2      | 3    | 18    | 144     |
| 2018  | 2      | 3    | 19    | 173     |
| 2018  | 2      | 3    | 20    | 164     |
| 2018  | 2      | 3    | 21    | 168     |
| 2018  | 2      | 3    | 22    | 193     |
| 2018  | 2      | 3    | 23    | 152     |
| 2018  | 2      | 3    | -1    | 3057    |
| 2018  | 2      | 4    | 0     | 164     |
| 2018  | 2      | 4    | 1     | 137     |
| 2018  | 2      | 4    | 2     | 167     |
| 2018  | 2      | 4    | 3     | 145     |
| 2018  | 2      | 4    | 4     | 105     |
| 2018  | 2      | 4    | 5     | 291     |
| 2018  | 2      | 4    | 6     | 134     |
| 2018  | 2      | 4    | 7     | 124     |
| 2018  | 2      | 4    | 8     | 121     |
| 2018  | 2      | 4    | 9     | 117     |
| 2018  | 2      | 4    | 10    | 114     |
| 2018  | 2      | 4    | 11    | 118     |
| 2018  | 2      | 4    | 12    | 153     |
| 2018  | 2      | 4    | 13    | 99      |
| 2018  | 2      | 4    | 14    | 95      |
| 2018  | 2      | 4    | 15    | 146     |
| 2018  | 2      | 4    | 16    | 161     |
| 2018  | 2      | 4    | 17    | 231     |
| 2018  | 2      | 4    | 18    | 220     |
| 2018  | 2      | 4    | 19    | 160     |
| 2018  | 2      | 4    | 20    | 216     |
| 2018  | 2      | 4    | 21    | 223     |
| 2018  | 2      | 4    | 22    | 216     |
| 2018  | 2      | 4    | 23    | 183     |
| 2018  | 2      | 4    | -1    | 3840    |
| 2018  | 2      | 5    | 0     | 133     |
| 2018  | 2      | 5    | 1     | 114     |
| 2018  | 2      | 5    | 2     | 131     |
| 2018  | 2      | 5    | 3     | 311     |
| 2018  | 2      | 5    | 4     | 335     |
| 2018  | 2      | 5    | 5     | 188     |
| 2018  | 2      | 5    | 6     | 158     |
| 2018  | 2      | 5    | 7     | 117     |
| 2018  | 2      | 5    | 8     | 153     |
| 2018  | 2      | 5    | 9     | 170     |
| 2018  | 2      | 5    | 10    | 194     |
| 2018  | 2      | 5    | 11    | 228     |
| 2018  | 2      | 5    | 12    | 294     |
| 2018  | 2      | 5    | 13    | 219     |
| 2018  | 2      | 5    | 14    | 223     |
| 2018  | 2      | 5    | 15    | 292     |
| 2018  | 2      | 5    | 16    | 349     |
| 2018  | 2      | 5    | 17    | 307     |
| 2018  | 2      | 5    | 18    | 492     |
| 2018  | 2      | 5    | 19    | 904     |
| 2018  | 2      | 5    | 20    | 643     |
| 2018  | 2      | 5    | 21    | 488     |
| 2018  | 2      | 5    | 22    | 445     |
| 2018  | 2      | 5    | 23    | 432     |
| 2018  | 2      | 5    | -1    | 7320    |
| 2018  | 2      | 6    | 0     | 393     |
| 2018  | 2      | 6    | 1     | 476     |
| 2018  | 2      | 6    | 2     | 536     |
| 2018  | 2      | 6    | 3     | 593     |
| 2018  | 2      | 6    | 4     | 423     |
| 2018  | 2      | 6    | 5     | 321     |
| 2018  | 2      | 6    | 6     | 299     |
+-------+-------+-----+------+--------+
| year  | month | day | hour | liczba |
+-------+-------+-----+------+--------+
| 2018  | 2     | 6   | 7    | 255    |
| 2018  | 2     | 6   | 8    | 283    |
| 2018  | 2     | 6   | 9    | 303    |
| 2018  | 2     | 6   | 10   | 322    |
| 2018  | 2     | 6   | 11   | 401    |
| 2018  | 2     | 6   | 12   | 403    |
| 2018  | 2     | 6   | 13   | 351    |
| 2018  | 2     | 6   | 14   | 362    |
| 2018  | 2     | 6   | 15   | 567    |
| 2018  | 2     | 6   | 16   | 752    |
| 2018  | 2     | 6   | 17   | 792    |
| 2018  | 2     | 6   | 18   | 1227   |
| 2018  | 2     | 6   | 19   | 1014   |
| 2018  | 2     | 6   | 20   | 984    |
| 2018  | 2     | 6   | 21   | 1272   |
| 2018  | 2     | 6   | 22   | 1136   |
| 2018  | 2     | 6   | 23   | 1061   |
| 2018  | 2     | 6   | -1   | 14526  |
| 2018  | 2     | 7   | 0    | 1037   |
| 2018  | 2     | 7   | 1    | 783    |
| 2018  | 2     | 7   | 2    | 617    |
| 2018  | 2     | 7   | 3    | 675    |
| 2018  | 2     | 7   | 4    | 703    |
| 2018  | 2     | 7   | 5    | 540    |
| 2018  | 2     | 7   | 6    | 459    |
| 2018  | 2     | 7   | 7    | 493    |
| 2018  | 2     | 7   | 8    | 498    |
| 2018  | 2     | 7   | 9    | 533    |
| 2018  | 2     | 7   | 10   | 558    |
| 2018  | 2     | 7   | 11   | 636    |
| 2018  | 2     | 7   | 12   | 781    |
| 2018  | 2     | 7   | 13   | 677    |
| 2018  | 2     | 7   | 14   | 661    |
| 2018  | 2     | 7   | 15   | 769    |
| 2018  | 2     | 7   | 16   | 826    |
| 2018  | 2     | 7   | 17   | 788    |
| 2018  | 2     | 7   | 18   | 897    |
| 2018  | 2     | 7   | 19   | 1124   |
| 2018  | 2     | 7   | 20   | 953    |
| 2018  | 2     | 7   | 21   | 1135   |
| 2018  | 2     | 7   | 22   | 1318   |
| 2018  | 2     | 7   | 23   | 1256   |
| 2018  | 2     | 7   | -1   | 18717  |
| 2018  | 2     | 8   | 0    | 1237   |
| 2018  | 2     | 8   | 1    | 1191   |
| 2018  | 2     | 8   | 2    | 1002   |
| 2018  | 2     | 8   | 3    | 858    |
| 2018  | 2     | 8   | 4    | 988    |
| 2018  | 2     | 8   | 5    | 945    |
| 2018  | 2     | 8   | 6    | 768    |
| 2018  | 2     | 8   | 7    | 929    |
| 2018  | 2     | 8   | 8    | 902    |
| 2018  | 2     | 8   | 9    | 1709   |
| 2018  | 2     | 8   | 10   | 2800   |
| 2018  | 2     | 8   | 11   | 1717   |
| 2018  | 2     | 8   | 12   | 1387   |
| 2018  | 2     | 8   | 13   | 1527   |
| 2018  | 2     | 8   | 14   | 1367   |
| 2018  | 2     | 8   | 15   | 1459   |
| 2018  | 2     | 8   | 16   | 1474   |
| 2018  | 2     | 8   | 17   | 1518   |
| 2018  | 2     | 8   | 18   | 1710   |
| 2018  | 2     | 8   | 19   | 1607   |
| 2018  | 2     | 8   | 20   | 1650   |
| 2018  | 2     | 8   | 21   | 2310   |
| 2018  | 2     | 8   | 22   | 2293   |
| 2018  | 2     | 8   | 23   | 2006   |
| 2018  | 2     | 8   | -1   | 35354  |
| 2018  | 2     | 9   | 0    | 1535   |
| 2018  | 2     | 9   | 1    | 1758   |
| 2018  | 2     | 9   | 2    | 1377   |
| 2018  | 2     | 9   | 3    | 1181   |
| 2018  | 2     | 9   | 4    | 1189   |
| 2018  | 2     | 9   | 5    | 1093   |
| 2018  | 2     | 9   | 6    | 1028   |
| 2018  | 2     | 9   | 7    | 953    |
| 2018  | 2     | 9   | 8    | 915    |
| 2018  | 2     | 9   | 9    | 996    |
| 2018  | 2     | 9   | 10   | 943    |
| 2018  | 2     | 9   | 11   | 1031   |
| 2018  | 2     | 9   | 12   | 2117   |
| 2018  | 2     | 9   | 13   | 1664   |
| 2018  | 2     | 9   | 14   | 1360   |
| 2018  | 2     | 9   | 15   | 1534   |
| 2018  | 2     | 9   | 16   | 1966   |
| 2018  | 2     | 9   | 17   | 2168   |
| 2018  | 2     | 9   | 18   | 2242   |
| 2018  | 2     | 9   | 19   | 2361   |
| 2018  | 2     | 9   | 20   | 3078   |
| 2018  | 2     | 9   | 21   | 2395   |
| 2018  | 2     | 9   | 22   | 2504   |
| 2018  | 2     | 9   | 23   | 2277   |
| 2018  | 2     | 9   | -1   | 39665  |
| 2018  | 2     | 10  | 0    | 2013   |
| 2018  | 2     | 10  | 1    | 1840   |
| 2018  | 2     | 10  | 2    | 1525   |
| 2018  | 2     | 10  | 3    | 1618   |
| 2018  | 2     | 10  | 4    | 1429   |
| 2018  | 2     | 10  | 5    | 1212   |
| 2018  | 2     | 10  | 6    | 1142   |
+-------+-------+-----+------+---------+
| year  | month | day | hour | liczba  |
+-------+-------+-----+------+---------+
| 2018  | 2     | 10  | 7    | 1077    |
| 2018  | 2     | 10  | 8    | 1166    |
| 2018  | 2     | 10  | 9    | 1614    |
| 2018  | 2     | 10  | 10   | 1583    |
| 2018  | 2     | 10  | 11   | 1914    |
| 2018  | 2     | 10  | 12   | 1654    |
| 2018  | 2     | 10  | 13   | 1865    |
| 2018  | 2     | 10  | 14   | 1847    |
| 2018  | 2     | 10  | 15   | 1874    |
| 2018  | 2     | 10  | 16   | 2348    |
| 2018  | 2     | 10  | 17   | 2253    |
| 2018  | 2     | 10  | 18   | 2737    |
| 2018  | 2     | 10  | 19   | 2726    |
| 2018  | 2     | 10  | 20   | 2542    |
| 2018  | 2     | 10  | 21   | 2463    |
| 2018  | 2     | 10  | 22   | 2373    |
| 2018  | 2     | 10  | 23   | 2371    |
| 2018  | 2     | 10  | -1   | 45186   |
| 2018  | 2     | 11  | 0    | 2734    |
| 2018  | 2     | 11  | 1    | 2942    |
| 2018  | 2     | 11  | 2    | 2620    |
| 2018  | 2     | 11  | 3    | 4249    |
| 2018  | 2     | 11  | 4    | 2650    |
| 2018  | 2     | 11  | 5    | 2008    |
| 2018  | 2     | 11  | 6    | 1900    |
| 2018  | 2     | 11  | 7    | 1609    |
| 2018  | 2     | 11  | 8    | 1422    |
| 2018  | 2     | 11  | 9    | 3053    |
| 2018  | 2     | 11  | 10   | 3626    |
| 2018  | 2     | 11  | 11   | 2129    |
| 2018  | 2     | 11  | 12   | 2328    |
| 2018  | 2     | 11  | 13   | 2340    |
| 2018  | 2     | 11  | 14   | 2172    |
| 2018  | 2     | 11  | 15   | 3018    |
| 2018  | 2     | 11  | 16   | 2664    |
| 2018  | 2     | 11  | 17   | 3124    |
| 2018  | 2     | 11  | 18   | 3119    |
| 2018  | 2     | 11  | 19   | 2897    |
| 2018  | 2     | 11  | 20   | 3267    |
| 2018  | 2     | 11  | 21   | 3423    |
| 2018  | 2     | 11  | 22   | 6090    |
| 2018  | 2     | 11  | 23   | 4911    |
| 2018  | 2     | 11  | -1   | 70295   |
| 2018  | 2     | 12  | 0    | 4779    |
| 2018  | 2     | 12  | 1    | 4604    |
| 2018  | 2     | 12  | 2    | 4301    |
| 2018  | 2     | 12  | 3    | 6920    |
| 2018  | 2     | 12  | 4    | 7888    |
| 2018  | 2     | 12  | 5    | 11387   |
| 2018  | 2     | 12  | 6    | 7431    |
| 2018  | 2     | 12  | 7    | 6049    |
| 2018  | 2     | 12  | 8    | 7814    |
| 2018  | 2     | 12  | 9    | 14435   |
| 2018  | 2     | 12  | 10   | 18120   |
| 2018  | 2     | 12  | 11   | 16657   |
| 2018  | 2     | 12  | 12   | 14577   |
| 2018  | 2     | 12  | 13   | 17564   |
| 2018  | 2     | 12  | 14   | 14873   |
| 2018  | 2     | 12  | 15   | 13642   |
| 2018  | 2     | 12  | 16   | 39092   |
| 2018  | 2     | 12  | 17   | 21746   |
| 2018  | 2     | 12  | 18   | 34785   |
| 2018  | 2     | 12  | 19   | 32651   |
| 2018  | 2     | 12  | 20   | 23707   |
| 2018  | 2     | 12  | 21   | 17639   |
| 2018  | 2     | 12  | 22   | 35650   |
| 2018  | 2     | 12  | 23   | 29481   |
| 2018  | 2     | 12  | -1   | 405792  |
| 2018  | 2     | 13  | 0    | 16458   |
| 2018  | 2     | 13  | 1    | 42248   |
| 2018  | 2     | 13  | 2    | 33705   |
| 2018  | 2     | 13  | 3    | 30916   |
| 2018  | 2     | 13  | 4    | 47674   |
| 2018  | 2     | 13  | 5    | 31102   |
| 2018  | 2     | 13  | 6    | 35727   |
| 2018  | 2     | 13  | 7    | 8448    |
| 2018  | 2     | 13  | 8    | 6869    |
| 2018  | 2     | 13  | 9    | 14904   |
| 2018  | 2     | 13  | 10   | 15401   |
| 2018  | 2     | 13  | 11   | 14914   |
| 2018  | 2     | 13  | 12   | 23704   |
| 2018  | 2     | 13  | 13   | 15447   |
| 2018  | 2     | 13  | 14   | 12679   |
| 2018  | 2     | 13  | 15   | 8134    |
| 2018  | 2     | 13  | 16   | 4545    |
| 2018  | 2     | 13  | 17   | 4330    |
| 2018  | 2     | 13  | 18   | 4690    |
| 2018  | 2     | 13  | 19   | 4256    |
| 2018  | 2     | 13  | 20   | 4353    |
| 2018  | 2     | 13  | 21   | 4905    |
| 2018  | 2     | 13  | 22   | 4755    |
| 2018  | 2     | 13  | 23   | 4554    |
| 2018  | 2     | 13  | -1   | 394718  |
| 2018  | 2     | 14  | 0    | 3812    |
| 2018  | 2     | 14  | 1    | 3966    |
| 2018  | 2     | 14  | 2    | 3950    |
| 2018  | 2     | 14  | 3    | 5502    |
| 2018  | 2     | 14  | 4    | 4606    |
| 2018  | 2     | 14  | 5    | 4147    |
| 2018  | 2     | 14  | 6    | 22721   |
+-------+-------+-----+------+---------+
| year  | month | day | hour | liczba  |
+-------+-------+-----+------+---------+
| 2018  | 2     | 14  | 7    | 7311    |
| 2018  | 2     | 14  | 8    | 3055    |
| 2018  | 2     | 14  | 9    | 3824    |
| 2018  | 2     | 14  | 10   | 3412    |
| 2018  | 2     | 14  | 11   | 4181    |
| 2018  | 2     | 14  | 12   | 5794    |
| 2018  | 2     | 14  | 13   | 4001    |
| 2018  | 2     | 14  | 14   | 4038    |
| 2018  | 2     | 14  | 15   | 4161    |
| 2018  | 2     | 14  | 16   | 4971    |
| 2018  | 2     | 14  | 17   | 5065    |
| 2018  | 2     | 14  | 18   | 5702    |
| 2018  | 2     | 14  | 19   | 5315    |
| 2018  | 2     | 14  | 20   | 5223    |
| 2018  | 2     | 14  | 21   | 5068    |
| 2018  | 2     | 14  | 22   | 5865    |
| 2018  | 2     | 14  | 23   | 6003    |
| 2018  | 2     | 14  | -1   | 131693  |
| 2018  | 2     | 15  | 0    | 5521    |
| 2018  | 2     | 15  | 1    | 5378    |
| 2018  | 2     | 15  | 2    | 5147    |
| 2018  | 2     | 15  | 3    | 6696    |
| 2018  | 2     | 15  | 4    | 6026    |
| 2018  | 2     | 15  | 5    | 8693    |
| 2018  | 2     | 15  | 6    | 6633    |
| 2018  | 2     | 15  | 7    | 7872    |
| 2018  | 2     | 15  | 8    | 7385    |
| 2018  | 2     | 15  | 9    | 40921   |
| 2018  | 2     | 15  | 10   | 18831   |
| 2018  | 2     | 15  | 11   | 20388   |
| 2018  | 2     | 15  | 12   | 6978    |
| 2018  | 2     | 15  | 13   | 9101    |
| 2018  | 2     | 15  | 14   | 15625   |
| 2018  | 2     | 15  | 15   | 19438   |
| 2018  | 2     | 15  | 16   | 26603   |
| 2018  | 2     | 15  | 17   | 29413   |
| 2018  | 2     | 15  | 18   | 44536   |
| 2018  | 2     | 15  | 19   | 33608   |
| 2018  | 2     | 15  | 20   | 21510   |
| 2018  | 2     | 15  | 21   | 28947   |
| 2018  | 2     | 15  | 22   | 36882   |
| 2018  | 2     | 15  | 23   | 35520   |
| 2018  | 2     | 15  | -1   | 447652  |
| 2018  | 2     | 16  | 0    | 11314   |
| 2018  | 2     | 16  | 1    | 7599    |
| 2018  | 2     | 16  | 2    | 11686   |
| 2018  | 2     | 16  | 3    | 7656    |
| 2018  | 2     | 16  | 4    | 6556    |
| 2018  | 2     | 16  | 5    | 5177    |
| 2018  | 2     | 16  | 6    | 5911    |
| 2018  | 2     | 16  | 7    | 7659    |
| 2018  | 2     | 16  | 8    | 19726   |
| 2018  | 2     | 16  | 9    | 23215   |
| 2018  | 2     | 16  | 10   | 11082   |
| 2018  | 2     | 16  | 11   | 14517   |
| 2018  | 2     | 16  | 12   | 35645   |
| 2018  | 2     | 16  | 13   | 35203   |
| 2018  | 2     | 16  | 14   | 30999   |
| 2018  | 2     | 16  | 15   | 48775   |
| 2018  | 2     | 16  | 16   | 20404   |
| 2018  | 2     | 16  | 17   | 16431   |
| 2018  | 2     | 16  | 18   | 15764   |
| 2018  | 2     | 16  | 19   | 23063   |
| 2018  | 2     | 16  | 20   | 29948   |
| 2018  | 2     | 16  | 21   | 24655   |
| 2018  | 2     | 16  | 22   | 27655   |
| 2018  | 2     | 16  | 23   | 32763   |
| 2018  | 2     | 16  | -1   | 473403  |
| 2018  | 2     | 17  | 0    | 29309   |
| 2018  | 2     | 17  | 1    | 26046   |
| 2018  | 2     | 17  | 2    | 19116   |
| 2018  | 2     | 17  | 3    | 21444   |
| 2018  | 2     | 17  | 4    | 34108   |
| 2018  | 2     | 17  | 5    | 31504   |
| 2018  | 2     | 17  | 6    | 22674   |
| 2018  | 2     | 17  | 7    | 16445   |
| 2018  | 2     | 17  | 8    | 12374   |
| 2018  | 2     | 17  | 9    | 19382   |
| 2018  | 2     | 17  | 10   | 21026   |
| 2018  | 2     | 17  | 11   | 18692   |
| 2018  | 2     | 17  | 12   | 16099   |
| 2018  | 2     | 17  | 13   | 24583   |
| 2018  | 2     | 17  | 14   | 41574   |
| 2018  | 2     | 17  | 15   | 29395   |
| 2018  | 2     | 17  | 16   | 27693   |
| 2018  | 2     | 17  | 17   | 20525   |
| 2018  | 2     | 17  | 18   | 27473   |
| 2018  | 2     | 17  | 19   | 17026   |
| 2018  | 2     | 17  | 20   | 51559   |
| 2018  | 2     | 17  | 21   | 25756   |
| 2018  | 2     | 17  | 22   | 17052   |
| 2018  | 2     | 17  | 23   | 21212   |
| 2018  | 2     | 17  | -1   | 592067  |
| 2018  | 2     | 18  | 0    | 22103   |
| 2018  | 2     | 18  | 1    | 18014   |
| 2018  | 2     | 18  | 2    | 12603   |
| 2018  | 2     | 18  | 3    | 21088   |
| 2018  | 2     | 18  | 4    | 36089   |
| 2018  | 2     | 18  | 5    | 27310   |
| 2018  | 2     | 18  | 6    | 19420   |
+-------+-------+-----+------+---------+
| year  | month | day | hour | liczba  |
+-------+-------+-----+------+---------+
| 2018  | 2     | 18  | 7    | 12557   |
| 2018  | 2     | 18  | 8    | 11365   |
| 2018  | 2     | 18  | 9    | 16875   |
| 2018  | 2     | 18  | 10   | 17749   |
| 2018  | 2     | 18  | 11   | 15084   |
| 2018  | 2     | 18  | 12   | 14661   |
| 2018  | 2     | 18  | 13   | 29748   |
| 2018  | 2     | 18  | 14   | 15294   |
| 2018  | 2     | 18  | 15   | 13243   |
| 2018  | 2     | 18  | 16   | 57123   |
| 2018  | 2     | 18  | 17   | 54752   |
| 2018  | 2     | 18  | 18   | 26437   |
| 2018  | 2     | 18  | 19   | 18700   |
| 2018  | 2     | 18  | 20   | 19094   |
| 2018  | 2     | 18  | 21   | 38052   |
| 2018  | 2     | 18  | 22   | 37900   |
| 2018  | 2     | 18  | 23   | 35117   |
| 2018  | 2     | 18  | -1   | 590378  |
| 2018  | 2     | 19  | 0    | 49389   |
| 2018  | 2     | 19  | 1    | 26086   |
| 2018  | 2     | 19  | 2    | 26443   |
| 2018  | 2     | 19  | 3    | 20489   |
| 2018  | 2     | 19  | 4    | 19464   |
| 2018  | 2     | 19  | 5    | 28888   |
| 2018  | 2     | 19  | 6    | 37303   |
| 2018  | 2     | 19  | 7    | 41445   |
| 2018  | 2     | 19  | 8    | 14847   |
| 2018  | 2     | 19  | 9    | 19626   |
| 2018  | 2     | 19  | 10   | 23025   |
| 2018  | 2     | 19  | 11   | 19811   |
| 2018  | 2     | 19  | 12   | 24519   |
| 2018  | 2     | 19  | 13   | 36545   |
| 2018  | 2     | 19  | 14   | 30337   |
| 2018  | 2     | 19  | 15   | 29197   |
| 2018  | 2     | 19  | 16   | 28511   |
| 2018  | 2     | 19  | 17   | 41914   |
| 2018  | 2     | 19  | 18   | 30030   |
| 2018  | 2     | 19  | 19   | 35206   |
| 2018  | 2     | 19  | 20   | 29903   |
| 2018  | 2     | 19  | 21   | 34463   |
| 2018  | 2     | 19  | 22   | 60864   |
| 2018  | 2     | 19  | 23   | 42941   |
| 2018  | 2     | 19  | -1   | 751246  |
| 2018  | 2     | 20  | 0    | 33137   |
| 2018  | 2     | 20  | 1    | 28374   |
| 2018  | 2     | 20  | 2    | 45587   |
| 2018  | 2     | 20  | 3    | 24785   |
| 2018  | 2     | 20  | 4    | 20258   |
| 2018  | 2     | 20  | 5    | 15688   |
| 2018  | 2     | 20  | 6    | 21421   |
| 2018  | 2     | 20  | 7    | 16720   |
| 2018  | 2     | 20  | 8    | 13300   |
| 2018  | 2     | 20  | 9    | 14798   |
| 2018  | 2     | 20  | 10   | 16826   |
| 2018  | 2     | 20  | 11   | 17080   |
| 2018  | 2     | 20  | 12   | 20293   |
| 2018  | 2     | 20  | 13   | 35009   |
| 2018  | 2     | 20  | 14   | 34482   |
| 2018  | 2     | 20  | 15   | 23469   |
| 2018  | 2     | 20  | 16   | 26645   |
| 2018  | 2     | 20  | 17   | 41952   |
| 2018  | 2     | 20  | 18   | 40537   |
| 2018  | 2     | 20  | 19   | 49760   |
| 2018  | 2     | 20  | 20   | 42974   |
| 2018  | 2     | 20  | 21   | 59212   |
| 2018  | 2     | 20  | 22   | 47921   |
| 2018  | 2     | 20  | 23   | 42702   |
| 2018  | 2     | 20  | -1   | 732930  |
| 2018  | 2     | 21  | 0    | 40787   |
| 2018  | 2     | 21  | 1    | 25590   |
| 2018  | 2     | 21  | 2    | 17926   |
| 2018  | 2     | 21  | 3    | 19999   |
| 2018  | 2     | 21  | 4    | 24029   |
| 2018  | 2     | 21  | 5    | 25980   |
| 2018  | 2     | 21  | 6    | 20892   |
| 2018  | 2     | 21  | 7    | 25883   |
| 2018  | 2     | 21  | 8    | 20910   |
| 2018  | 2     | 21  | 9    | 20046   |
| 2018  | 2     | 21  | 10   | 21836   |
| 2018  | 2     | 21  | 11   | 20262   |
| 2018  | 2     | 21  | 12   | 21131   |
| 2018  | 2     | 21  | 13   | 25666   |
| 2018  | 2     | 21  | 14   | 19664   |
| 2018  | 2     | 21  | 15   | 27957   |
| 2018  | 2     | 21  | 16   | 40419   |
| 2018  | 2     | 21  | 17   | 37598   |
| 2018  | 2     | 21  | 18   | 27029   |
| 2018  | 2     | 21  | 19   | 20536   |
| 2018  | 2     | 21  | 20   | 33898   |
| 2018  | 2     | 21  | 21   | 41989   |
| 2018  | 2     | 21  | 22   | 57264   |
| 2018  | 2     | 21  | 23   | 50857   |
| 2018  | 2     | 21  | -1   | 688148  |
| 2018  | 2     | 22  | 0    | 27772   |
| 2018  | 2     | 22  | 1    | 25392   |
| 2018  | 2     | 22  | 2    | 33816   |
| 2018  | 2     | 22  | 3    | 19958   |
| 2018  | 2     | 22  | 4    | 18600   |
| 2018  | 2     | 22  | 5    | 27925   |
| 2018  | 2     | 22  | 6    | 34850   |
+-------+-------+-----+------+---------+
| year  | month | day | hour | liczba  |
+-------+-------+-----+------+---------+
| 2018  | 2     | 22  | 7    | 19381   |
| 2018  | 2     | 22  | 8    | 31973   |
| 2018  | 2     | 22  | 9    | 16149   |
| 2018  | 2     | 22  | 10   | 14798   |
| 2018  | 2     | 22  | 11   | 21804   |
| 2018  | 2     | 22  | 12   | 25935   |
| 2018  | 2     | 22  | 13   | 33353   |
| 2018  | 2     | 22  | 14   | 25798   |
| 2018  | 2     | 22  | 15   | 25291   |
| 2018  | 2     | 22  | 16   | 48320   |
| 2018  | 2     | 22  | 17   | 46122   |
| 2018  | 2     | 22  | 18   | 28052   |
| 2018  | 2     | 22  | 19   | 29831   |
| 2018  | 2     | 22  | 20   | 36907   |
| 2018  | 2     | 22  | 21   | 41480   |
| 2018  | 2     | 22  | 22   | 39179   |
| 2018  | 2     | 22  | 23   | 44246   |
| 2018  | 2     | 22  | -1   | 716932  |
| 2018  | 2     | 23  | 0    | 48609   |
| 2018  | 2     | 23  | 1    | 39879   |
| 2018  | 2     | 23  | 2    | 25603   |
| 2018  | 2     | 23  | 3    | 27909   |
| 2018  | 2     | 23  | 4    | 31861   |
| 2018  | 2     | 23  | 5    | 31586   |
| 2018  | 2     | 23  | 6    | 22117   |
| 2018  | 2     | 23  | 7    | 21354   |
| 2018  | 2     | 23  | 8    | 22139   |
| 2018  | 2     | 23  | 9    | 26943   |
| 2018  | 2     | 23  | 10   | 29025   |
| 2018  | 2     | 23  | 11   | 29338   |
| 2018  | 2     | 23  | 12   | 25073   |
| 2018  | 2     | 23  | 13   | 35469   |
| 2018  | 2     | 23  | 14   | 25756   |
| 2018  | 2     | 23  | 15   | 29579   |
| 2018  | 2     | 23  | 16   | 30688   |
| 2018  | 2     | 23  | 17   | 38485   |
| 2018  | 2     | 23  | 18   | 27638   |
| 2018  | 2     | 23  | 19   | 24807   |
| 2018  | 2     | 23  | 20   | 53921   |
| 2018  | 2     | 23  | 21   | 52825   |
| 2018  | 2     | 23  | 22   | 46595   |
| 2018  | 2     | 23  | 23   | 33078   |
| 2018  | 2     | 23  | -1   | 780277  |
| 2018  | 2     | 24  | 0    | 33702   |
| 2018  | 2     | 24  | 1    | 22462   |
| 2018  | 2     | 24  | 2    | 25683   |
| 2018  | 2     | 24  | 3    | 30014   |
| 2018  | 2     | 24  | 4    | 27207   |
| 2018  | 2     | 24  | 5    | 20175   |
| 2018  | 2     | 24  | 6    | 15903   |
| 2018  | 2     | 24  | 7    | 11794   |
| 2018  | 2     | 24  | 8    | 10498   |
| 2018  | 2     | 24  | 9    | 11320   |
| 2018  | 2     | 24  | 10   | 15177   |
| 2018  | 2     | 24  | 11   | 12350   |
| 2018  | 2     | 24  | 12   | 11224   |
| 2018  | 2     | 24  | 13   | 14501   |
| 2018  | 2     | 24  | 14   | 14072   |
| 2018  | 2     | 24  | 15   | 19037   |
| 2018  | 2     | 24  | 16   | 26435   |
| 2018  | 2     | 24  | 17   | 36077   |
| 2018  | 2     | 24  | 18   | 32506   |
| 2018  | 2     | 24  | 19   | 38389   |
| 2018  | 2     | 24  | 20   | 34157   |
| 2018  | 2     | 24  | 21   | 27834   |
| 2018  | 2     | 24  | 22   | 41377   |
| 2018  | 2     | 24  | 23   | 54050   |
| 2018  | 2     | 24  | -1   | 585944  |
| 2018  | 2     | 25  | 0    | 33268   |
| 2018  | 2     | 25  | 1    | 37719   |
| 2018  | 2     | 25  | 2    | 33705   |
| 2018  | 2     | 25  | 3    | 36172   |
| 2018  | 2     | 25  | 4    | 37823   |
| 2018  | 2     | 25  | 5    | 35914   |
| 2018  | 2     | 25  | 6    | 20940   |
| 2018  | 2     | 25  | 7    | 22313   |
| 2018  | 2     | 25  | 8    | 11014   |
| 2018  | 2     | 25  | 9    | 19057   |
| 2018  | 2     | 25  | 10   | 19420   |
| 2018  | 2     | 25  | 11   | 22481   |
| 2018  | 2     | 25  | 12   | 12072   |
| 2018  | 2     | 25  | 13   | 9345    |
| 2018  | 2     | 25  | 14   | 14760   |
| 2018  | 2     | 25  | 15   | 25733   |
| 2018  | 2     | 25  | 16   | 28972   |
| 2018  | 2     | 25  | 17   | 77787   |
| 2018  | 2     | 25  | 18   | 66207   |
| 2018  | 2     | 25  | 19   | 75926   |
| 2018  | 2     | 25  | 20   | 44197   |
| 2018  | 2     | 25  | 21   | 40770   |
| 2018  | 2     | 25  | 22   | 38883   |
| 2018  | 2     | 25  | 23   | 27784   |
| 2018  | 2     | 25  | -1   | 792262  |
| 2018  | 2     | 26  | 0    | 21874   |
| 2018  | 2     | 26  | 1    | 16106   |
| 2018  | 2     | 26  | 2    | 16509   |
| 2018  | 2     | 26  | 3    | 21086   |
| 2018  | 2     | 26  | 4    | 18509   |
| 2018  | 2     | 26  | 5    | 38259   |
| 2018  | 2     | 26  | 6    | 22913   |
+-------+-------+-----+------+-----------+
| year  | month | day | hour |  liczba   |
+-------+-------+-----+------+-----------+
| 2018  | 2     | 26  | 7    | 24773     |
| 2018  | 2     | 26  | 8    | 13107     |
| 2018  | 2     | 26  | 9    | 18050     |
| 2018  | 2     | 26  | 10   | 19512     |
| 2018  | 2     | 26  | 11   | 28553     |
| 2018  | 2     | 26  | 12   | 31622     |
| 2018  | 2     | 26  | 13   | 27173     |
| 2018  | 2     | 26  | 14   | 23266     |
| 2018  | 2     | 26  | 15   | 29223     |
| 2018  | 2     | 26  | 16   | 16412     |
| 2018  | 2     | 26  | 17   | 17055     |
| 2018  | 2     | 26  | 18   | 27232     |
| 2018  | 2     | 26  | 19   | 34141     |
| 2018  | 2     | 26  | 20   | 46589     |
| 2018  | 2     | 26  | 21   | 68033     |
| 2018  | 2     | 26  | 22   | 37738     |
| 2018  | 2     | 26  | 23   | 34163     |
| 2018  | 2     | 26  | -1   | 651898    |
| 2018  | 2     | 27  | 0    | 37950     |
| 2018  | 2     | 27  | 1    | 28247     |
| 2018  | 2     | 27  | 2    | 35435     |
| 2018  | 2     | 27  | 3    | 54097     |
| 2018  | 2     | 27  | 4    | 40006     |
| 2018  | 2     | 27  | 5    | 28317     |
| 2018  | 2     | 27  | 6    | 20230     |
| 2018  | 2     | 27  | 7    | 14983     |
| 2018  | 2     | 27  | 8    | 15688     |
| 2018  | 2     | 27  | 9    | 18698     |
| 2018  | 2     | 27  | 10   | 20510     |
| 2018  | 2     | 27  | 11   | 19192     |
| 2018  | 2     | 27  | 12   | 19332     |
| 2018  | 2     | 27  | 13   | 26455     |
| 2018  | 2     | 27  | 14   | 29828     |
| 2018  | 2     | 27  | 15   | 26294     |
| 2018  | 2     | 27  | 16   | 25669     |
| 2018  | 2     | 27  | 17   | 24714     |
| 2018  | 2     | 27  | 18   | 32335     |
| 2018  | 2     | 27  | 19   | 28110     |
| 2018  | 2     | 27  | 20   | 34565     |
| 2018  | 2     | 27  | 21   | 36833     |
| 2018  | 2     | 27  | 22   | 37932     |
| 2018  | 2     | 27  | 23   | 29422     |
| 2018  | 2     | 27  | -1   | 684842    |
| 2018  | 2     | 28  | 0    | 44380     |
| 2018  | 2     | 28  | 1    | 37995     |
| 2018  | 2     | 28  | 2    | 28520     |
| 2018  | 2     | 28  | 3    | 31571     |
| 2018  | 2     | 28  | 4    | 21296     |
| 2018  | 2     | 28  | 5    | 19026     |
| 2018  | 2     | 28  | 6    | 14132     |
| 2018  | 2     | 28  | 7    | 15231     |
| 2018  | 2     | 28  | 8    | 12679     |
| 2018  | 2     | 28  | 9    | 17039     |
| 2018  | 2     | 28  | 10   | 17268     |
| 2018  | 2     | 28  | 11   | 18506     |
| 2018  | 2     | 28  | 12   | 21047     |
| 2018  | 2     | 28  | 13   | 19183     |
| 2018  | 2     | 28  | 14   | 22303     |
| 2018  | 2     | 28  | 15   | 39296     |
| 2018  | 2     | 28  | 16   | 17541     |
| 2018  | 2     | 28  | 17   | 25228     |
| 2018  | 2     | 28  | 18   | 21202     |
| 2018  | 2     | 28  | 19   | 17618     |
| 2018  | 2     | 28  | 20   | 34196     |
| 2018  | 2     | 28  | 21   | 41320     |
| 2018  | 2     | 28  | 22   | 38286     |
| 2018  | 2     | 28  | 23   | 28888     |
| 2018  | 2     | 28  | -1   | 603751    |
| 2018  | 2     | -1  | -1   | 10262902  |
| 2018  | 3     | 1   | 0    | 27332     |
| 2018  | 3     | 1   | 1    | 27762     |
| 2018  | 3     | 1   | 2    | 17010     |
| 2018  | 3     | 1   | 3    | 23213     |
| 2018  | 3     | 1   | 4    | 44486     |
| 2018  | 3     | 1   | 5    | 16047     |
| 2018  | 3     | 1   | 6    | 21815     |
| 2018  | 3     | 1   | 7    | 18408     |
| 2018  | 3     | 1   | 8    | 19199     |
| 2018  | 3     | 1   | 9    | 22864     |
| 2018  | 3     | 1   | 10   | 26523     |
| 2018  | 3     | 1   | 11   | 26598     |
| 2018  | 3     | 1   | 12   | 24982     |
| 2018  | 3     | 1   | 13   | 26684     |
| 2018  | 3     | 1   | 14   | 34644     |
| 2018  | 3     | 1   | 15   | 41291     |
| 2018  | 3     | 1   | 16   | 31725     |
| 2018  | 3     | 1   | 17   | 28644     |
| 2018  | 3     | 1   | 18   | 30353     |
| 2018  | 3     | 1   | 19   | 39874     |
| 2018  | 3     | 1   | 20   | 44466     |
| 2018  | 3     | 1   | 21   | 43397     |
| 2018  | 3     | 1   | 22   | 44725     |
| 2018  | 3     | 1   | 23   | 43360     |
| 2018  | 3     | 1   | -1   | 725402    |
| 2018  | 3     | 2   | 0    | 39291     |
| 2018  | 3     | 2   | 1    | 33148     |
| 2018  | 3     | 2   | 2    | 37054     |
| 2018  | 3     | 2   | 3    | 28307     |
| 2018  | 3     | 2   | 4    | 48575     |
| 2018  | 3     | 2   | 5    | 17997     |
+-------+-------+-----+------+---------+
| year  | month | day | hour | liczba  |
+-------+-------+-----+------+---------+
| 2018  | 3     | 2   | 6    | 16315   |
| 2018  | 3     | 2   | 7    | 16983   |
| 2018  | 3     | 2   | 8    | 13837   |
| 2018  | 3     | 2   | 9    | 17875   |
| 2018  | 3     | 2   | 10   | 18988   |
| 2018  | 3     | 2   | 11   | 18692   |
| 2018  | 3     | 2   | 12   | 16230   |
| 2018  | 3     | 2   | 13   | 22444   |
| 2018  | 3     | 2   | 14   | 26045   |
| 2018  | 3     | 2   | 15   | 26101   |
| 2018  | 3     | 2   | 16   | 30462   |
| 2018  | 3     | 2   | 17   | 32089   |
| 2018  | 3     | 2   | 18   | 30157   |
| 2018  | 3     | 2   | 19   | 36164   |
| 2018  | 3     | 2   | 20   | 44639   |
| 2018  | 3     | 2   | 21   | 41493   |
| 2018  | 3     | 2   | 22   | 44809   |
| 2018  | 3     | 2   | 23   | 46219   |
| 2018  | 3     | 2   | -1   | 703914  |
| 2018  | 3     | 3   | 0    | 45578   |
| 2018  | 3     | 3   | 1    | 29748   |
| 2018  | 3     | 3   | 2    | 23941   |
| 2018  | 3     | 3   | 3    | 31519   |
| 2018  | 3     | 3   | 4    | 27408   |
| 2018  | 3     | 3   | 5    | 24481   |
| 2018  | 3     | 3   | 6    | 18963   |
| 2018  | 3     | 3   | 7    | 18161   |
| 2018  | 3     | 3   | 8    | 16916   |
| 2018  | 3     | 3   | 9    | 16012   |
| 2018  | 3     | 3   | 10   | 18492   |
| 2018  | 3     | 3   | 11   | 25651   |
| 2018  | 3     | 3   | 12   | 17879   |
| 2018  | 3     | 3   | 13   | 20427   |
| 2018  | 3     | 3   | 14   | 19376   |
| 2018  | 3     | 3   | 15   | 35713   |
| 2018  | 3     | 3   | 16   | 21653   |
| 2018  | 3     | 3   | 17   | 30847   |
| 2018  | 3     | 3   | 18   | 37703   |
| 2018  | 3     | 3   | 19   | 36878   |
| 2018  | 3     | 3   | 20   | 23769   |
| 2018  | 3     | 3   | 21   | 20291   |
| 2018  | 3     | 3   | 22   | 20188   |
| 2018  | 3     | 3   | 23   | 24851   |
| 2018  | 3     | 3   | -1   | 606445  |
| 2018  | 3     | 4   | 0    | 26395   |
| 2018  | 3     | 4   | 1    | 20331   |
| 2018  | 3     | 4   | 2    | 25602   |
| 2018  | 3     | 4   | 3    | 36409   |
| 2018  | 3     | 4   | 4    | 23217   |
| 2018  | 3     | 4   | 5    | 37678   |
| 2018  | 3     | 4   | 6    | 21080   |
| 2018  | 3     | 4   | 7    | 16208   |
| 2018  | 3     | 4   | 8    | 21131   |
| 2018  | 3     | 4   | 9    | 19094   |
| 2018  | 3     | 4   | 10   | 17053   |
| 2018  | 3     | 4   | 11   | 16740   |
| 2018  | 3     | 4   | 12   | 16716   |
| 2018  | 3     | 4   | 13   | 23189   |
| 2018  | 3     | 4   | 14   | 46156   |
| 2018  | 3     | 4   | 15   | 25729   |
| 2018  | 3     | 4   | 16   | 35477   |
| 2018  | 3     | 4   | 17   | 28145   |
| 2018  | 3     | 4   | 18   | 27696   |
| 2018  | 3     | 4   | 19   | 55866   |
| 2018  | 3     | 4   | 20   | 31833   |
| 2018  | 3     | 4   | 21   | 30947   |
| 2018  | 3     | 4   | 22   | 23491   |
| 2018  | 3     | 4   | 23   | 24687   |
| 2018  | 3     | 4   | -1   | 650870  |
| 2018  | 3     | 5   | 0    | 20960   |
| 2018  | 3     | 5   | 1    | 34441   |
| 2018  | 3     | 5   | 2    | 15865   |
| 2018  | 3     | 5   | 3    | 15333   |
| 2018  | 3     | 5   | 4    | 19672   |
| 2018  | 3     | 5   | 5    | 65067   |
| 2018  | 3     | 5   | 6    | 24158   |
| 2018  | 3     | 5   | 7    | 13241   |
| 2018  | 3     | 5   | 8    | 16763   |
| 2018  | 3     | 5   | 9    | 1098    |
| 2018  | 3     | 5   | 10   | 1119    |
| 2018  | 3     | 5   | 11   | 1418    |
| 2018  | 3     | 5   | 12   | 1344    |
| 2018  | 3     | 5   | 13   | 1510    |
| 2018  | 3     | 5   | 14   | 1571    |
| 2018  | 3     | 5   | 15   | 1604    |
| 2018  | 3     | 5   | 16   | 1943    |
| 2018  | 3     | 5   | 17   | 1892    |
| 2018  | 3     | 5   | 18   | 1726    |
| 2018  | 3     | 5   | 19   | 1764    |
| 2018  | 3     | 5   | 20   | 2441    |
| 2018  | 3     | 5   | 21   | 2482    |
| 2018  | 3     | 5   | 22   | 2103    |
| 2018  | 3     | 5   | 23   | 1850    |
| 2018  | 3     | 5   | -1   | 251365  |
| 2018  | 3     | 6   | 0    | 1744    |
| 2018  | 3     | 6   | 1    | 1693    |
| 2018  | 3     | 6   | 2    | 1885    |
| 2018  | 3     | 6   | 3    | 2194    |
| 2018  | 3     | 6   | 4    | 2119    |
| 2018  | 3     | 6   | 5    | 1958    |
+-------+-------+-----+------+--------+
| year  | month | day | hour | liczba |
+-------+-------+-----+------+--------+
| 2018  | 3     | 6   | 6    | 1552   |
| 2018  | 3     | 6   | 7    | 1140   |
| 2018  | 3     | 6   | 8    | 1220   |
| 2018  | 3     | 6   | 9    | 1373   |
| 2018  | 3     | 6   | 10   | 1540   |
| 2018  | 3     | 6   | 11   | 1745   |
| 2018  | 3     | 6   | 12   | 1935   |
| 2018  | 3     | 6   | 13   | 2092   |
| 2018  | 3     | 6   | 14   | 1873   |
| 2018  | 3     | 6   | 15   | 1720   |
| 2018  | 3     | 6   | 16   | 1794   |
| 2018  | 3     | 6   | 17   | 1994   |
| 2018  | 3     | 6   | 18   | 3810   |
| 2018  | 3     | 6   | 19   | 2705   |
| 2018  | 3     | 6   | 20   | 2404   |
| 2018  | 3     | 6   | 21   | 2699   |
| 2018  | 3     | 6   | 22   | 3185   |
| 2018  | 3     | 6   | 23   | 2558   |
| 2018  | 3     | 6   | -1   | 48932  |
| 2018  | 3     | 7   | 0    | 2435   |
| 2018  | 3     | 7   | 1    | 2172   |
| 2018  | 3     | 7   | 2    | 3142   |
| 2018  | 3     | 7   | 3    | 3009   |
| 2018  | 3     | 7   | 4    | 2678   |
| 2018  | 3     | 7   | 5    | 1892   |
| 2018  | 3     | 7   | 6    | 1326   |
| 2018  | 3     | 7   | 7    | 1321   |
| 2018  | 3     | 7   | 8    | 1582   |
| 2018  | 3     | 7   | 9    | 1751   |
| 2018  | 3     | 7   | 10   | 2115   |
| 2018  | 3     | 7   | 11   | 2301   |
| 2018  | 3     | 7   | 12   | 2155   |
| 2018  | 3     | 7   | 13   | 2170   |
| 2018  | 3     | 7   | 14   | 2182   |
| 2018  | 3     | 7   | 15   | 2329   |
| 2018  | 3     | 7   | 16   | 2840   |
| 2018  | 3     | 7   | 17   | 2787   |
| 2018  | 3     | 7   | 18   | 2931   |
| 2018  | 3     | 7   | 19   | 3076   |
| 2018  | 3     | 7   | 20   | 3756   |
| 2018  | 3     | 7   | 21   | 4113   |
| 2018  | 3     | 7   | 22   | 4131   |
| 2018  | 3     | 7   | 23   | 4170   |
| 2018  | 3     | 7   | -1   | 62364  |
| 2018  | 3     | 8   | 0    | 3049   |
| 2018  | 3     | 8   | 1    | 2995   |
| 2018  | 3     | 8   | 2    | 2845   |
| 2018  | 3     | 8   | 3    | 3981   |
| 2018  | 3     | 8   | 4    | 3202   |
| 2018  | 3     | 8   | 5    | 2347   |
| 2018  | 3     | 8   | 6    | 2128   |
| 2018  | 3     | 8   | 7    | 2061   |
| 2018  | 3     | 8   | 8    | 1780   |
| 2018  | 3     | 8   | 9    | 2159   |
| 2018  | 3     | 8   | 10   | 2009   |
| 2018  | 3     | 8   | 11   | 2539   |
| 2018  | 3     | 8   | 12   | 2512   |
| 2018  | 3     | 8   | 13   | 2244   |
| 2018  | 3     | 8   | 14   | 2692   |
| 2018  | 3     | 8   | 15   | 2737   |
| 2018  | 3     | 8   | 16   | 2974   |
| 2018  | 3     | 8   | 17   | 3603   |
| 2018  | 3     | 8   | 18   | 3831   |
| 2018  | 3     | 8   | 19   | 3816   |
| 2018  | 3     | 8   | 20   | 3965   |
| 2018  | 3     | 8   | 21   | 3586   |
| 2018  | 3     | 8   | 22   | 4329   |
| 2018  | 3     | 8   | 23   | 3866   |
| 2018  | 3     | 8   | -1   | 71250  |
| 2018  | 3     | 9   | 0    | 3280   |
| 2018  | 3     | 9   | 1    | 2934   |
| 2018  | 3     | 9   | 2    | 3106   |
| 2018  | 3     | 9   | 3    | 4336   |
| 2018  | 3     | 9   | 4    | 3832   |
| 2018  | 3     | 9   | 5    | 4841   |
| 2018  | 3     | 9   | 6    | 2884   |
| 2018  | 3     | 9   | 7    | 2303   |
| 2018  | 3     | 9   | 8    | 2272   |
| 2018  | 3     | 9   | 9    | 2617   |
| 2018  | 3     | 9   | 10   | 2492   |
| 2018  | 3     | 9   | 11   | 2605   |
| 2018  | 3     | 9   | 12   | 2838   |
| 2018  | 3     | 9   | 13   | 2972   |
| 2018  | 3     | 9   | 14   | 2970   |
| 2018  | 3     | 9   | 15   | 3117   |
| 2018  | 3     | 9   | 16   | 3271   |
| 2018  | 3     | 9   | 17   | 3942   |
| 2018  | 3     | 9   | 18   | 4610   |
| 2018  | 3     | 9   | 19   | 4285   |
| 2018  | 3     | 9   | 20   | 4854   |
| 2018  | 3     | 9   | 21   | 5942   |
| 2018  | 3     | 9   | 22   | 5840   |
| 2018  | 3     | 9   | 23   | 6096   |
| 2018  | 3     | 9   | -1   | 88239  |
| 2018  | 3     | 10  | 0    | 5541   |
| 2018  | 3     | 10  | 1    | 4765   |
| 2018  | 3     | 10  | 2    | 5068   |
| 2018  | 3     | 10  | 3    | 4519   |
| 2018  | 3     | 10  | 4    | 4414   |
| 2018  | 3     | 10  | 5    | 6065   |
+-------+-------+-----+------+---------+
| year  | month | day | hour | liczba  |
+-------+-------+-----+------+---------+
| 2018  | 3     | 10  | 6    | 6319    |
| 2018  | 3     | 10  | 7    | 4308    |
| 2018  | 3     | 10  | 8    | 3319    |
| 2018  | 3     | 10  | 9    | 4239    |
| 2018  | 3     | 10  | 10   | 4028    |
| 2018  | 3     | 10  | 11   | 4275    |
| 2018  | 3     | 10  | 12   | 4787    |
| 2018  | 3     | 10  | 13   | 5828    |
| 2018  | 3     | 10  | 14   | 6684    |
| 2018  | 3     | 10  | 15   | 7485    |
| 2018  | 3     | 10  | 16   | 10309   |
| 2018  | 3     | 10  | 17   | 13220   |
| 2018  | 3     | 10  | 18   | 14620   |
| 2018  | 3     | 10  | 19   | 16369   |
| 2018  | 3     | 10  | 20   | 27959   |
| 2018  | 3     | 10  | 21   | 48007   |
| 2018  | 3     | 10  | 22   | 40932   |
| 2018  | 3     | 10  | 23   | 45119   |
| 2018  | 3     | 10  | -1   | 298179  |
| 2018  | 3     | 11  | 0    | 31647   |
| 2018  | 3     | 11  | 1    | 41332   |
| 2018  | 3     | 11  | 2    | 17499   |
| 2018  | 3     | 11  | 3    | 12617   |
| 2018  | 3     | 11  | 4    | 11721   |
| 2018  | 3     | 11  | 5    | 15455   |
| 2018  | 3     | 11  | 6    | 15923   |
| 2018  | 3     | 11  | 7    | 13970   |
| 2018  | 3     | 11  | 8    | 15024   |
| 2018  | 3     | 11  | 9    | 20229   |
| 2018  | 3     | 11  | 10   | 20742   |
| 2018  | 3     | 11  | 11   | 20473   |
| 2018  | 3     | 11  | 12   | 18592   |
| 2018  | 3     | 11  | 13   | 25937   |
| 2018  | 3     | 11  | 14   | 31930   |
| 2018  | 3     | 11  | 15   | 47785   |
| 2018  | 3     | 11  | 16   | 38403   |
| 2018  | 3     | 11  | 17   | 24599   |
| 2018  | 3     | 11  | 18   | 24404   |
| 2018  | 3     | 11  | 19   | 43942   |
| 2018  | 3     | 11  | 20   | 37418   |
| 2018  | 3     | 11  | 21   | 39155   |
| 2018  | 3     | 11  | 22   | 43584   |
| 2018  | 3     | 11  | 23   | 52982   |
| 2018  | 3     | 11  | -1   | 665363  |
| 2018  | 3     | 12  | 0    | 41463   |
| 2018  | 3     | 12  | 1    | 51304   |
| 2018  | 3     | 12  | 2    | 30198   |
| 2018  | 3     | 12  | 3    | 25144   |
| 2018  | 3     | 12  | 4    | 32349   |
| 2018  | 3     | 12  | 5    | 21658   |
| 2018  | 3     | 12  | 6    | 24884   |
| 2018  | 3     | 12  | 7    | 22205   |
| 2018  | 3     | 12  | 8    | 29701   |
| 2018  | 3     | 12  | 9    | 29740   |
| 2018  | 3     | 12  | 10   | 31502   |
| 2018  | 3     | 12  | 11   | 45947   |
| 2018  | 3     | 12  | 12   | 46112   |
| 2018  | 3     | 12  | 13   | 31899   |
| 2018  | 3     | 12  | 14   | 22287   |
| 2018  | 3     | 12  | 15   | 32747   |
| 2018  | 3     | 12  | 16   | 43093   |
| 2018  | 3     | 12  | 17   | 39821   |
| 2018  | 3     | 12  | 18   | 49227   |
| 2018  | 3     | 12  | 19   | 48933   |
| 2018  | 3     | 12  | 20   | 50687   |
| 2018  | 3     | 12  | 21   | 47302   |
| 2018  | 3     | 12  | 22   | 63623   |
| 2018  | 3     | 12  | 23   | 44619   |
| 2018  | 3     | 12  | -1   | 906445  |
| 2018  | 3     | 13  | 0    | 37873   |
| 2018  | 3     | 13  | 1    | 38274   |
| 2018  | 3     | 13  | 2    | 26656   |
| 2018  | 3     | 13  | 3    | 21308   |
| 2018  | 3     | 13  | 4    | 12573   |
| 2018  | 3     | 13  | 5    | 37361   |
| 2018  | 3     | 13  | 6    | 35406   |
| 2018  | 3     | 13  | 7    | 20444   |
| 2018  | 3     | 13  | 8    | 23307   |
| 2018  | 3     | 13  | 9    | 23713   |
| 2018  | 3     | 13  | 10   | 30576   |
| 2018  | 3     | 13  | 11   | 27185   |
| 2018  | 3     | 13  | 12   | 26089   |
| 2018  | 3     | 13  | 13   | 31043   |
| 2018  | 3     | 13  | 14   | 17873   |
| 2018  | 3     | 13  | 15   | 19900   |
| 2018  | 3     | 13  | 16   | 23238   |
| 2018  | 3     | 13  | 17   | 41719   |
| 2018  | 3     | 13  | 18   | 31499   |
| 2018  | 3     | 13  | 19   | 44320   |
| 2018  | 3     | 13  | 20   | 45796   |
| 2018  | 3     | 13  | 21   | 44077   |
| 2018  | 3     | 13  | 22   | 36625   |
| 2018  | 3     | 13  | 23   | 48713   |
| 2018  | 3     | 13  | -1   | 745568  |
| 2018  | 3     | 14  | 0    | 43112   |
| 2018  | 3     | 14  | 1    | 46994   |
| 2018  | 3     | 14  | 2    | 28271   |
| 2018  | 3     | 14  | 3    | 25040   |
| 2018  | 3     | 14  | 4    | 32173   |
| 2018  | 3     | 14  | 5    | 29525   |
+-------+-------+-----+------+-----------+
| year  | month | day | hour |  liczba   |
+-------+-------+-----+------+-----------+
| 2018  | 3     | 14  | 6    | 24073     |
| 2018  | 3     | 14  | 7    | 31522     |
| 2018  | 3     | 14  | 8    | 48561     |
| 2018  | 3     | 14  | 9    | 36022     |
| 2018  | 3     | 14  | 10   | 34541     |
| 2018  | 3     | 14  | 11   | 33244     |
| 2018  | 3     | 14  | 12   | 27761     |
| 2018  | 3     | 14  | 13   | 53891     |
| 2018  | 3     | 14  | 14   | 37778     |
| 2018  | 3     | 14  | 15   | 32618     |
| 2018  | 3     | 14  | 16   | 33285     |
| 2018  | 3     | 14  | 17   | 28004     |
| 2018  | 3     | 14  | 18   | 40368     |
| 2018  | 3     | 14  | 19   | 35168     |
| 2018  | 3     | 14  | 20   | 37422     |
| 2018  | 3     | 14  | 21   | 56124     |
| 2018  | 3     | 14  | 22   | 78186     |
| 2018  | 3     | 14  | 23   | 43068     |
| 2018  | 3     | 14  | -1   | 916751    |
| 2018  | 3     | 15  | 0    | 42376     |
| 2018  | 3     | 15  | 1    | 35227     |
| 2018  | 3     | 15  | 2    | 36299     |
| 2018  | 3     | 15  | 3    | 50305     |
| 2018  | 3     | 15  | 4    | 35139     |
| 2018  | 3     | 15  | 5    | 27182     |
| 2018  | 3     | 15  | 6    | 27022     |
| 2018  | 3     | 15  | 7    | 19254     |
| 2018  | 3     | 15  | 8    | 19726     |
| 2018  | 3     | 15  | 9    | 19616     |
| 2018  | 3     | 15  | 10   | 32299     |
| 2018  | 3     | 15  | 11   | 41483     |
| 2018  | 3     | 15  | 12   | 50763     |
| 2018  | 3     | 15  | 13   | 21540     |
| 2018  | 3     | 15  | 14   | 27214     |
| 2018  | 3     | 15  | 15   | 42121     |
| 2018  | 3     | 15  | 16   | 27395     |
| 2018  | 3     | 15  | 17   | 45229     |
| 2018  | 3     | 15  | 18   | 37921     |
| 2018  | 3     | 15  | 19   | 31041     |
| 2018  | 3     | 15  | 20   | 43460     |
| 2018  | 3     | 15  | 21   | 72089     |
| 2018  | 3     | 15  | 22   | 64929     |
| 2018  | 3     | 15  | 23   | 49948     |
| 2018  | 3     | 15  | -1   | 899578    |
| 2018  | 3     | 16  | 0    | 28897     |
| 2018  | 3     | 16  | 1    | 19467     |
| 2018  | 3     | 16  | 2    | 30694     |
| 2018  | 3     | 16  | 3    | 18548     |
| 2018  | 3     | 16  | 4    | 29959     |
| 2018  | 3     | 16  | 5    | 18555     |
| 2018  | 3     | 16  | 6    | 12835     |
| 2018  | 3     | 16  | 7    | 3128      |
| 2018  | 3     | 16  | -1   | 162083    |
| 2018  | 3     | -1  | -1   | 7802748   |
| 2018  | 4     | 21  | 23   | 4780000   |
| 2018  | 4     | 21  | -1   | 4780000   |
| 2018  | 4     | -1  | -1   | 4780000   |
| 2018  | -1    | -1  | -1   | 22845650  |
| -1    | -1    | -1  | -1   | 22845650  |
+-------+-------+-----+------+-----------+
1,058 rows selected (1796.412 seconds)
+-----------+----------------------------+
| Fragment  | Number of records written  |
+-----------+----------------------------+
| 0_0       | 1058                       |
+-----------+----------------------------+
1 row selected (1773.775 seconds)



select `year`, `month`, `day`, `hour`, liczba from (
select `year`, `month`, `day`, `hour`, count(1) as liczba from mongo.tweets2.tweets group by `year`, `month`, `day`, `hour`
union select `year`, `month`, `day`, -1, count(1) as liczba from mongo.tweets2.tweets group by `year`, `month`, `day`
union select `year`, `month`, -1, `hour`, count(1) as liczba from mongo.tweets2.tweets group by `year`, `month`, `hour`
union select `year`, `month`, -1, -1, count(1) as liczba from mongo.tweets2.tweets group by `year`, `month`
union select `year`, -1, `day`, `hour`, count(1) as liczba from mongo.tweets2.tweets group by `year`, `day`, `hour`
union select `year`, -1, `day`, -1, count(1) as liczba from mongo.tweets2.tweets group by `year`, `day`
union select `year`, -1, -1, `hour`, count(1) as liczba from mongo.tweets2.tweets group by `year`, `hour`
union select `year`, -1, -1, -1, count(1) as liczba from mongo.tweets2.tweets group by `year`
union select  -1, `month`, `day`, `hour`, count(1) as liczba from mongo.tweets2.tweets group by `month`, `day`, `hour`
union select  -1, `month`, `day`, -1, count(1) as liczba from mongo.tweets2.tweets group by `month`, `day`
union select  -1, `month`, -1, `hour`, count(1) as liczba from mongo.tweets2.tweets group by `month`, `hour`
union select  -1, `month`, -1, -1, count(1) as liczba from mongo.tweets2.tweets group by `month`
union select  -1, -1, `day`, `hour`, count(1) as liczba from mongo.tweets2.tweets group by `day`, `hour`
union select  -1, -1, `day`, -1, count(1) as liczba from mongo.tweets2.tweets group by `day`
union select  -1, -1, -1, `hour`, count(1) as liczba from mongo.tweets2.tweets group by `hour`
union select  -1, -1, -1, -1, count(1) as liczba from mongo.tweets2.tweets
)
order by case when `year` = -1 then 10000 else `year`end,
case when `month` = -1 then 10000 else `month`end,
case when `day` = -1 then 10000 else `day`end, 
case when `hour` = -1 then 10000 else `hour`end;


use dfs.tmp;
create table kostka_1 as select `year`, `month`, `day`, `hour`, count(1) as liczba from mongo.tweets2.tweets group by `year`, `month`, `day`, `hour`;

create table kostka_2 as select `year`, `month`, `day`, -1, count(1) as liczba from mongo.tweets2.tweets group by `year`, `month`, `day`;

create table kostka_3 as select `year`, `month`, -1, `hour`, count(1) as liczba from mongo.tweets2.tweets group by `year`, `month`, `hour`;

create table kostka_4 as select `year`, `month`, -1, -1, count(1) as liczba from mongo.tweets2.tweets group by `year`, `month`;

create table kostka_5 as select `year`, -1, `day`, `hour`, count(1) as liczba from mongo.tweets2.tweets group by `year`, `day`, `hour`;

create table kostka_6 as select `year`, -1, `day`, -1, count(1) as liczba from mongo.tweets2.tweets group by `year`, `day`;

create table kostka_7 as select `year`, -1, -1, `hour`, count(1) as liczba from mongo.tweets2.tweets group by `year`, `hour`;

create table kostka_8 as select `year`, -1, -1, -1, count(1) as liczba from mongo.tweets2.tweets group by `year`;

create table kostka_9 as select  -1, `month`, `day`, `hour`, count(1) as liczba from mongo.tweets2.tweets group by `month`, `day`, `hour`;

create table kostka_10 as select  -1, `month`, `day`, -1, count(1) as liczba from mongo.tweets2.tweets group by `month`, `day`;

create table kostka_11 as select  -1, `month`, -1, `hour`, count(1) as liczba from mongo.tweets2.tweets group by `month`, `hour`;

create table kostka_12 as select  -1, `month`, -1, -1, count(1) as liczba from mongo.tweets2.tweets group by `month`;

create table kostka_13 as select  -1, -1, `day`, `hour`, count(1) as liczba from mongo.tweets2.tweets group by `day`, `hour`;

create table kostka_14 as select  -1, -1, `day`, -1, count(1) as liczba from mongo.tweets2.tweets group by `day`;

create table kostka_15 as select  -1, -1, -1, `hour`, count(1) as liczba from mongo.tweets2.tweets group by `hour`;

create table kostka_16 as select  -1, -1, -1, -1, count(1) as liczba from mongo.tweets2.tweets;

https://drill.apache.org/docs/create-table-as-ctas/
https://drill.apache.org/docs/explain/


0: jdbc:drill:zk=local> create table kostka_1 as select `year`, `month`, `day`, `hour`, count(1) as liczba from mongo.tweets2.tweets group by `year`, `month`, `day`, `hour`;
+-----------+----------------------------+
| Fragment  | Number of records written  |
+-----------+----------------------------+
| 1_0       | 139                        |
| 1_3       | 159                        |
| 1_5       | 158                        |
| 1_4       | 181                        |
| 1_2       | 188                        |
| 1_1       | 184                        |
+-----------+----------------------------+
6 rows selected (1023.579 seconds)
0: jdbc:drill:zk=local> 
0: jdbc:drill:zk=local> create table kostka_2 as select `year`, `month`, `day`, -1, count(1) as liczba from mongo.tweets2.tweets group by `year`, `month`, `day`;
+-----------+----------------------------+
| Fragment  | Number of records written  |
+-----------+----------------------------+
| 1_3       | 4                          |
| 1_5       | 2                          |
| 1_2       | 12                         |
| 1_0       | 8                          |
| 1_4       | 7                          |
| 1_1       | 11                         |
+-----------+----------------------------+
6 rows selected (1022.097 seconds)
0: jdbc:drill:zk=local> 
0: jdbc:drill:zk=local> create table kostka_3 as select `year`, `month`, -1, `hour`, count(1) as liczba from mongo.tweets2.tweets group by `year`, `month`, `hour`;
+-----------+----------------------------+
| Fragment  | Number of records written  |
+-----------+----------------------------+
| 1_3       | 3                          |
| 1_2       | 12                         |
| 1_4       | 8                          |
| 1_0       | 10                         |
| 1_1       | 14                         |
| 1_5       | 2                          |
+-----------+----------------------------+
6 rows selected (1023.111 seconds)
0: jdbc:drill:zk=local> 
0: jdbc:drill:zk=local> create table kostka_4 as select `year`, `month`, -1, -1, count(1) as liczba from mongo.tweets2.tweets group by `year`, `month`;
+-----------+----------------------------+
| Fragment  | Number of records written  |
+-----------+----------------------------+
| 1_0       | 0                          |
| 1_1       | 0                          |
| 1_3       | 0                          |
| 1_2       | 0                          |
| 1_5       | 1                          |
| 1_4       | 2                          |
+-----------+----------------------------+
6 rows selected (1026.909 seconds)
0: jdbc:drill:zk=local> 
0: jdbc:drill:zk=local> create table kostka_5 as select `year`, -1, `day`, `hour`, count(1) as liczba from mongo.tweets2.tweets group by `year`, `day`, `hour`;
+-----------+----------------------------+
| Fragment  | Number of records written  |
+-----------+----------------------------+
| 1_1       | 118                        |
| 1_3       | 93                         |
| 1_2       | 107                        |
| 1_0       | 106                        |
| 1_5       | 125                        |
| 1_4       | 123                        |
+-----------+----------------------------+
6 rows selected (1018.681 seconds)
0: jdbc:drill:zk=local> 
0: jdbc:drill:zk=local> create table kostka_6 as select `year`, -1, `day`, -1, count(1) as liczba from mongo.tweets2.tweets group by `year`, `day`;
+-----------+----------------------------+
| Fragment  | Number of records written  |
+-----------+----------------------------+
| 1_3       | 5                          |
| 1_1       | 3                          |
| 1_0       | 6                          |
| 1_4       | 6                          |
| 1_2       | 5                          |
| 1_5       | 3                          |
+-----------+----------------------------+
6 rows selected (1024.583 seconds)
0: jdbc:drill:zk=local> 
0: jdbc:drill:zk=local> create table kostka_7 as select `year`, -1, -1, `hour`, count(1) as liczba from mongo.tweets2.tweets group by `year`, `hour`;
+-----------+----------------------------+
| Fragment  | Number of records written  |
+-----------+----------------------------+
| 1_0       | 5                          |
| 1_3       | 6                          |
| 1_2       | 4                          |
| 1_1       | 2                          |
| 1_5       | 3                          |
| 1_4       | 4                          |
+-----------+----------------------------+
6 rows selected (1025.677 seconds)
0: jdbc:drill:zk=local> 
0: jdbc:drill:zk=local> create table kostka_8 as select `year`, -1, -1, -1, count(1) as liczba from mongo.tweets2.tweets group by `year`;
+-----------+----------------------------+
| Fragment  | Number of records written  |
+-----------+----------------------------+
| 1_1       | 0                          |
| 1_5       | 0                          |
| 1_3       | 0                          |
| 1_0       | 0                          |
| 1_2       | 0                          |
| 1_4       | 1                          |
+-----------+----------------------------+
6 rows selected (1025.353 seconds)
0: jdbc:drill:zk=local> 
0: jdbc:drill:zk=local> create table kostka_9 as select  -1, `month`, `day`, `hour`, count(1) as liczba from mongo.tweets2.tweets group by `month`, `day`, `hour`;
+-----------+----------------------------+
| Fragment  | Number of records written  |
+-----------+----------------------------+
| 1_1       | 168                        |
| 1_2       | 165                        |
| 1_3       | 176                        |
| 1_5       | 172                        |
| 1_0       | 172                        |
| 1_4       | 156                        |
+-----------+----------------------------+
6 rows selected (1020.606 seconds)
0: jdbc:drill:zk=local> 
0: jdbc:drill:zk=local> create table kostka_10 as select  -1, `month`, `day`, -1, count(1) as liczba from mongo.tweets2.tweets group by `month`, `day`;
+-----------+----------------------------+
| Fragment  | Number of records written  |
+-----------+----------------------------+
| 1_1       | 9                          |
| 1_0       | 9                          |
| 1_4       | 9                          |
| 1_5       | 5                          |
| 1_3       | 9                          |
| 1_2       | 3                          |
+-----------+----------------------------+
6 rows selected (994.604 seconds)
0: jdbc:drill:zk=local> 
0: jdbc:drill:zk=local> create table kostka_11 as select  -1, `month`, -1, `hour`, count(1) as liczba from mongo.tweets2.tweets group by `month`, `hour`; 
+-----------+----------------------------+
| Fragment  | Number of records written  |
+-----------+----------------------------+
| 1_2       | 7                          |
| 1_0       | 8                          |
| 1_1       | 8                          |
| 1_3       | 9                          |
| 1_5       | 5                          |
| 1_4       | 12                         |
+-----------+----------------------------+
6 rows selected (976.227 seconds)
0: jdbc:drill:zk=local> 
0: jdbc:drill:zk=local> create table kostka_12 as select  -1, `month`, -1, -1, count(1) as liczba from mongo.tweets2.tweets group by `month`;
+-----------+----------------------------+
| Fragment  | Number of records written  |
+-----------+----------------------------+
| 1_0       | 0                          |
| 1_4       | 0                          |
| 1_1       | 0                          |
| 1_2       | 0                          |
| 1_5       | 2                          |
| 1_3       | 1                          |
+-----------+----------------------------+
6 rows selected (1010.397 seconds)
0: jdbc:drill:zk=local> 
0: jdbc:drill:zk=local> create table kostka_13 as select  -1, -1, `day`, `hour`, count(1) as liczba from mongo.tweets2.tweets group by `day`, `hour`;
+-----------+----------------------------+
| Fragment  | Number of records written  |
+-----------+----------------------------+
| 1_3       | 125                        |
| 1_0       | 114                        |
| 1_1       | 99                         |
| 1_4       | 103                        |
| 1_5       | 112                        |
| 1_2       | 119                        |
+-----------+----------------------------+
6 rows selected (1005.837 seconds)
0: jdbc:drill:zk=local> 
0: jdbc:drill:zk=local> create table kostka_14 as select  -1, -1, `day`, -1, count(1) as liczba from mongo.tweets2.tweets group by `day`;
+-----------+----------------------------+
| Fragment  | Number of records written  |
+-----------+----------------------------+
| 1_3       | 6                          |
| 1_4       | 6                          |
| 1_0       | 5                          |
| 1_5       | 4                          |
| 1_2       | 4                          |
| 1_1       | 3                          |
+-----------+----------------------------+
6 rows selected (1018.242 seconds)
0: jdbc:drill:zk=local> create table kostka_15 as select  -1, -1, -1, `hour`, count(1) as liczba from mongo.tweets2.tweets group by `hour`;
+-----------+----------------------------+
| Fragment  | Number of records written  |
+-----------+----------------------------+
| 1_4       | 4                          |
| 1_1       | 2                          |
| 1_0       | 5                          |
| 1_5       | 5                          |
| 1_3       | 4                          |
| 1_2       | 4                          |
+-----------+----------------------------+
6 rows selected (1044.355 seconds)
0: jdbc:drill:zk=local>
0: jdbc:drill:zk=local> create table kostka_16 as select  -1, -1, -1, -1, count(1) as liczba from mongo.tweets2.tweets;
+-----------+----------------------------+
| Fragment  | Number of records written  |
+-----------+----------------------------+
| 0_0       | 1                          |
+-----------+----------------------------+
1 row selected (0.415 seconds)

create table kostka as 
select `year`, `month`, `day`, `hour`, liczba from kostka_1
union select `year`, `month`, `day`, `hour`, liczba from kostka_2
union select `year`, `month`, `day`, `hour`, liczba from kostka_3
union select `year`, `month`, `day`, `hour`, liczba from kostka_4
union select `year`, `month`, `day`, `hour`, liczba from kostka_5
union select `year`, `month`, `day`, `hour`, liczba from kostka_6
union select `year`, `month`, `day`, `hour`, liczba from kostka_7
union select `year`, `month`, `day`, `hour`, liczba from kostka_8
union select `year`, `month`, `day`, `hour`, liczba from kostka_9
union select `year`, `month`, `day`, `hour`, liczba from kostka_10
union select `year`, `month`, `day`, `hour`, liczba from kostka_11
union select `year`, `month`, `day`, `hour`, liczba from kostka_12
union select `year`, `month`, `day`, `hour`, liczba from kostka_13
union select `year`, `month`, `day`, `hour`, liczba from kostka_14
union select `year`, `month`, `day`, `hour`, liczba from kostka_15
union select `year`, `month`, `day`, `hour`, liczba from kostka_16;
